program	alfuzz	aflplusplus	aflfast	darwin	ecofuzz	mopt
cflow	1227.1	1.0	1228.3	0.3515421530267687	1233.0	0.00016822383946689946	1233.4	0.0001520532174963997	1231.7	0.0006200998364989741	1232.5	0.00018448719847064752
flvmeta	321.6	1.0	321.0	0.4704291625505084	314.4	0.00012389110502724365	315.7	0.00012934012553630727	314.5	0.00013092946782056853	315.3	0.00013092946782056853
imginfo	2342.5	1.0	2240.0	0.005758630532614328	2166.5454545454545	0.0001806347208075351	2195.3	0.00018165114609146497	2224.7	0.00018165114609146497	2235.4	0.00018165114609146497
infotocap	1698.9	1.0	1533.6	0.06382218419183608	1567.4	0.5707503880581739	1674.7	0.6775849579524755	1294.7	0.00032983852077799353	1580.7	0.47267559351158717
jhead	214.0	1.0	214.0	1.0	213.9	0.36812025069351895	213.6	0.03358968076277688	214.0	1.0	213.9	0.36812025069351895
jq	1893.0	1.0	1893.7	0.8488664845268682	1881.8	0.0004751411174522133	1890.9	0.19537135364987668	1883.8	0.0009903746557158209	1885.9	0.0688030975613427
mp3gain	965.4	1.0	969.2	0.472509068324386	999.0	0.003560160368470632	998.4	0.010108571928878842	944.3	0.06911774809372985	996.3	0.009004441423548969
mp42aac	1448.7	1.0	1392.0	0.031082168059679307	1390.7272727272727	0.0035852853678737984	1486.1	0.06382218419183608	1305.9	0.0024781900556743726	1423.4	0.3253873197470524
mujs	2764.2	1.0	2719.5	0.0071969210263224115	2664.2	0.00017861448837368162	2669.5	0.00017861448837368162	2603.2	0.00017861448837368162	2719.2	0.004525431389184727
pdftotext	7386.3	1.0	7398.5	0.8501067391385259	7722.3	0.00018267179110955002	7664.454545454545	0.009108496398030965	6731.8	0.00018267179110955002	7726.3	0.0007685389131627665
tcpdump	335.9	1.0	333.1	0.01512869131444549	329.2	0.0015273241198295515	331.1	0.00486168816809259	329.7	0.005667337653777701	331.6	0.001483003680074211
tiffsplit	1526.4	1.0	1461.1	0.07566157214388704	1528.7	0.47267559351158717	1575.1818181818182	0.06932757543362658	1405.909090909091	0.0036105143123296027	1547.7	1.0
